5  0  -528.097  -159.017  54  58  -211  214 214 214 255 218 218 218 255 1

5  1  -563.437  -90.5525  47  56  -302  214 214 214 255 218 218 218 255 1

5  2  -565.801  54.1441  48  54  -300  214 214 214 255 218 218 218 255 1

5  3  -495.357  108.151  36  40  -211  214 214 214 255 218 218 218 255 1

5  4  -443.419  109.979  37  41  -211  214 214 214 255 218 218 218 255 1

5  5  -398.959  106.603  38  44  -211  214 214 214 255 218 218 218 255 1

5  6  -269.008  107.845  38  42  -211  214 214 214 255 218 218 218 255 1

5  7  276.151  100.816  48  51  -211  214 214 214 255 218 218 218 255 1

5  8  217.151  100.816  49  52  -211  214 214 214 255 218 218 218 255 1

5  9  137.096  96.5283  52  59  -211  214 214 214 255 218 218 218 255 1

5  10  69.6677  97.7858  51  59  -211  214 214 214 255 218 218 218 255 1

5  11  13.2391  97.0434  51  58  -211  214 214 214 255 218 218 218 255 1

5  12  -112.165  109.907  39  39  -211  214 214 214 255 218 218 218 255 1

5  13  -164.648  109.064  41  44  -211  214 214 214 255 218 218 218 255 1

5  14  -216.994  107.442  40  42  -211  214 214 214 255 218 218 218 255 1

5  15  -310.507  107.032  39  42  -211  214 214 214 255 218 218 218 255 1

5  16  -355.869  105.107  40  43  -211  214 214 214 255 218 218 218 255 1

5  17  280.183  176.735  44  43  -390  214 214 214 255 218 218 218 255 1

5  18  357.595  180.694  50  50  -390  214 214 214 255 218 218 218 255 1

5  19  443.021  178.645  42  44  -399  214 214 214 255 218 218 218 255 1

5  20  526.765  200.963  45  54  -326  214 214 214 255 218 218 218 255 1

5  21  551.608  49.0248  52  55  -59  214 214 214 255 218 218 218 255 1

5  22  552.108  -88.5527  53  53  -61  214 214 214 255 218 218 218 255 1

5  23  495.451  -151.529  54  57  -211  214 214 214 255 218 218 218 255 1

5  24  459.121  102.102  48  47  -211  214 214 214 255 218 218 218 255 1

5  25  400.549  101.844  49  47  -211  214 214 214 255 218 218 218 255 1

5  26  341.865  101.588  45  51  -211  214 214 214 255 218 218 218 255 1

5  27  -552.748  201.596  47  52  -38  214 214 214 255 218 218 218 255 1

5  28  -456.904  183.226  49  51  -33  214 214 214 255 218 218 218 255 1

5  29  -382.641  182.813  48  50  -30  214 214 214 255 218 218 218 255 1

5  30  -328.257  183.037  45  47  -33  214 214 214 255 218 218 218 255 1

5  31  -266.934  183.744  45  47  -389  214 214 214 255 218 218 218 255 1

5  32  -182.98  181.785  44  46  -392  214 214 214 255 218 218 218 255 1

5  33  -82.0787  181.775  44  49  -392  214 214 214 255 218 218 218 255 1

5  34  -0.978672  182.697  45  50  -38  214 214 214 255 218 218 218 255 1

5  35  79.672  180.002  45  48  -397  214 214 214 255 218 218 218 255 1

5  36  155.82  181.826  48  49  -393  214 214 214 255 218 218 218 255 1

5  37  217.137  181.093  51  53  -391  214 214 214 255 218 218 218 255 1

1  38  -572.552  -227.488  218  155  0  22 22 22 255 255 85 255 252 3

1  39  -618.554  35.0987  127  150  0  0 0 0 255 170 170 255 255 3

1  40  556.31  -226.905  219  163  0  0 0 0 255 255 85 255 252 3

1  41  604.836  35.6879  123  148  0  0 0 0 255 170 170 255 255 3

1  42  -462.923  -77.4141  0  161  0  0 0 0 255 0 0 0 255 3

1  43  447.241  -78.3446  0  150  0  0 0 0 255 0 0 0 255 3

1  44  667.18  150.356  0  97  0  0 0 0 255 0 0 0 252 3

1  45  -469.512  48  93  124  0  0 0 0 255 255 170 255 252 3

1  46  -431.943  48.7919  49  124  0  0 0 0 255 170 170 255 252 3

1  47  -340.762  48.5588  78  124  0  0 0 0 255 170 170 255 255 3

1  48  -289.861  49.4645  73  124  0  0 0 0 255 255 170 0 255 3

1  49  -241.528  48.7953  80  124  0  0 0 0 255 255 170 255 252 3

1  50  -197.304  48.7447  72  124  0  0 0 0 255 170 170 255 252 3

1  51  -681.353  158.744  0  111  0  0 0 0 255 0 0 0 252 3

1  52  -153.239  48.7553  74  124  0  0 0 0 255 255 170 0 252 3

1  53  147  49.5  122  123  0  0 0 0 255 255 170 255 252 3

1  54  221.743  49.2572  79  123  0  0 0 0 255 170 170 255 252 3

1  55  349  49.5  85  123  0  0 0 0 255 170 170 255 255 3

1  56  405  49  66  123  0  0 0 0 255 255 170 0 255 3

1  57  456  49.5  69  124  0  0 0 0 255 255 170 255 255 3

1  58  -598.339  271.453  168  145  0  0 0 0 255 255 85 255 255 3

1  59  -460.946  231.838  109  111  0  0 0 0 255 170 170 255 255 3

1  60  -386.075  231.808  73  112  0  0 0 0 255 255 170 0 255 3

1  61  -187.115  257.728  97  163  0  0 0 0 255 170 170 255 255 3

1  62  -92.503  258.394  122  165  0  0 0 0 255 255 170 0 255 3

1  63  69.3716  258.737  93  165  0  0 0 0 255 255 170 255 255 3

1  64  284.4  230.885  81  110  0  0 0 0 255 170 170 255 255 3

1  65  359.49  230.905  96  110  0  0 0 0 255 255 170 255 255 3

1  66  580.893  267.04  173  146  0  0 0 0 255 255 85 255 252 3

1  67  -96.5785  -153.656  0  302  0  0 0 0 255 0 0 0 255 3

1  68  -49.191  -302.504  97  5  0  0 0 0 255 0 0 0 255 3

1  69  -0.34394  -154.152  0  300  0  0 0 0 255 0 0 0 252 3

1  70  82.5855  49.9132  67  123  0  0 0 0 255 170 170 255 255 3

1  71  -617.868  -93.3739  127  121  0  0 0 0 255 255 170 0 255 3

1  72  604.852  -86.8309  123  123  0  0 0 0 255 255 170 0 255 3

1  73  -391.56  48.9189  53  124  0  0 0 0 255 255 170 255 255 3

1  74  -101  48  58  124  0  0 0 0 255 170 170 255 255 3

1  75  12.74  49.89  77  123  0  0 0 0 255 255 170 255 255 3

1  76  285.687  49.1795  66  123  0  0 0 0 255 255 170 255 255 3

1  77  -334.239  231.583  52  112  0  0 0 0 255 170 170 255 255 3

1  78  -272.503  257.276  78  164  0  0 0 0 255 255 170 255 255 3

1  79  -7.29992  258.043  82  165  0  0 0 0 255 170 170 255 255 3

1  80  447.213  230.519  93  110  0  0 0 0 255 170 170 255 255 3

1  81  218.98  231.98  64  110  0  0 0 0 255 255 170 0 255 3

1  82  150.671  258.74  76  165  0  0 0 0 255 170 170 255 255 3

